118.60
119.10
120.50
119.70
119.00
120.10
118.50
120.30
118.50
120.40
121.70
118.70
120.10
118.50
119.20
118.90
119.70
120.10
127.60
119.00
122.90
120.00
120.30
118.70
119.10
122.00
118.90
119.30
120.90
118.60
119.30
120.10
119.60
118.90
120.00
118.80
118.80
118.80
120.00
118.90
119.50
124.00
118.90
120.40
119.00
119.00
118.70
119.50
121.20
118.90
119.20
119.20
122.30
119.20
119.90
118.90
119.00
119.00
119.20
130.10
120.30
119.90
118.80
119.40
120.50
119.10
121.80
122.50
123.10
120.30
119.20
120.20
118.50
119.30
119.30
119.30
120.00
124.70
122.10
119.70
119.40
119.50
119.60
119.30
118.70
121.20
119.50
119.40
118.90
118.60
119.10
120.00
118.90
119.30
119.00
119.50
120.10
119.20
119.70
120.30
119.40
120.30
122.10
119.40
120.20
119.30
120.20
118.60
118.80
119.30
119.10
118.80
120.50
119.00
120.30
119.50
119.80
119.30
120.30
119.50
118.60
119.20
120.30
118.70
122.60
118.90
119.70
120.20
119.00
119.40
119.90
122.00
118.60
119.30
118.90
118.70
119.00
120.10
120.50
118.70
119.70
119.90
118.70
120.30
119.50
119.10
119.40
119.30
120.10
118.80
119.50
119.20
119.50
120.30
122.10
122.50
119.60
119.30
120.00
118.80
122.50
118.80
118.70
119.60
119.40
121.70
119.40
119.20
119.50
120.30
119.50
120.20
120.00
119.00
119.80
119.80
118.70
119.70
118.90
119.40
120.30
118.90
122.00
118.90
119.00
119.90
119.10
119.50
119.20
120.00
121.10
118.70
118.90
118.90
120.00
120.10
118.70
118.60
119.20
118.70
119.60
118.60
120.20
119.80
119.20
119.00
120.40
121.90
119.60
119.70
119.40
120.30
119.10
118.80
119.90
119.00
122.70
119.00
119.30
122.80
119.80
118.80
119.60
119.80
119.00
118.70
118.80
120.20
122.30
119.90
118.60
119.40
120.40
119.50
118.60
122.30
119.40
120.10
119.30
119.40
119.50
119.60
118.90
118.50
120.60
120.20
119.40
120.10
120.30
119.70
119.50
118.90
118.60
119.90
119.00
120.60
118.60
121.00
120.10
118.90
119.00
120.10
118.80
118.90
120.10
118.60
118.90
119.20
122.20
120.70
119.30
118.80
119.50
122.00
120.30
118.70
122.20
122.20
118.50
120.60
118.90
119.20
119.20
119.10
119.40
119.00
121.10
120.00
119.60
119.00
120.10
118.80
119.50
118.90
119.70
119.60
119.30
118.70
119.30
119.10
120.10
122.80
119.00
119.30
121.20
121.90
119.40
118.50
119.30
122.90
120.20
120.40
119.20
120.50
120.70
119.20
120.30
119.00
119.00
121.20
119.70
120.30
118.90
120.20
118.80
119.60
119.50
123.60
118.80
118.70
118.90
119.10
120.80
119.80
122.20
119.50
118.60
120.20
119.00
120.30
119.70
118.70
120.70
118.90
118.90
118.80
119.00
119.00
120.30
120.10
119.30
118.80
119.20
120.60
122.20
118.70
119.10
119.10
122.40
124.10
119.50
119.70
118.60
120.30
119.90
119.10
119.40
119.50
119.20
119.40
120.60
122.80
118.60
120.30
120.20
118.70
118.70
119.40
119.20
120.70
118.60
120.10
118.90
122.60
120.00
119.40
120.00
120.50
120.30
119.00
118.60
121.70
118.70
118.80
119.20
120.20
119.30
119.30
120.70
119.60
119.30
121.60
118.80
119.10
119.70
120.60
119.10
121.60
121.60
122.90
118.80
120.10
120.30
120.80
120.00
119.00
120.10
118.80
119.20
119.00
118.80
120.50
119.50
121.70
119.20
119.30
120.30
118.90
119.20
119.00
119.50
119.60
123.10
119.80
118.60
118.50
121.20
118.80
118.80
119.30
123.30
120.40
119.60
118.90
118.90
119.10
118.80
120.90
119.90
121.10
119.60
119.30
120.20
120.70
120.80
118.60
118.60
119.00
119.60
120.30
121.40
120.20
118.90
120.20
119.40
118.70
118.80
119.10
120.70
119.70
118.90
119.10
119.70
120.50
118.70
118.80
119.50
121.80
120.20
121.80
118.70
119.70
118.70
119.60
122.30
119.90
119.70
119.40
119.70
122.70
119.00
120.00
118.90
119.50
119.90
120.60
120.40
123.30
119.10
119.30
118.70
119.00
119.50
118.90
119.40
120.30
120.50
119.20
120.30
119.50
120.60
119.00
118.70
118.90
119.40
120.10
119.40
118.90
124.00
119.20
118.80
122.30
118.70
120.40
121.70
120.10
122.50
118.90
119.10
119.00
119.00
121.30
119.30
124.30
121.90
119.20
120.40
118.80
119.20
118.80
119.20
121.30
119.30
123.50
118.80
119.70
120.60
120.00
119.40
119.80
119.60
120.00
120.60
120.30
120.00
123.00
123.20
123.30
119.00
118.90
119.60
119.30
119.00
119.20
119.70
120.40
119.00
119.90
122.90
119.50
119.40
118.80
119.20
120.10
120.00
122.40
118.80
121.90
118.90
121.40
120.00
119.30
120.80
118.80
120.10
119.00
119.50
122.20
118.60
123.90
120.60
119.40
121.70
120.70
120.20
120.00
119.10
118.70
121.60
119.40
120.00
119.10
122.10
119.00
119.50
120.30
119.40
123.10
119.50
119.00
120.90
118.90
119.40
119.70
118.70
119.00
120.20
119.40
119.50
119.50
119.70
119.20
119.60
120.00
118.70
120.60
120.20
118.90
119.00
118.90
120.10
119.10
119.60
120.50
118.90
118.90
120.40
119.00
118.80
119.20
119.40
120.70
119.30
119.00
118.90
119.00
118.90
119.00
120.20
119.50
122.50
119.30
119.10
119.60
118.90
119.80
119.20
121.00
119.50
118.70
119.30
118.80
119.00
121.40
119.60
120.10
120.00
121.30
120.90
120.20
118.80
119.40
118.70
120.50
120.00
120.40
119.80
119.20
120.20
118.90
119.10
118.90
120.20
120.40
119.70
122.10
119.00
119.70
122.00
121.30
118.90
119.30
120.70
120.50
119.80
119.90
119.30
118.80
120.30
123.10
120.70
118.90
119.00
123.50
119.70
119.50
124.80
118.80
119.00
120.30
118.50
118.90
118.90
120.00
118.90
120.40
119.80
119.40
122.70
122.20
120.10
118.70
119.00
119.60
120.60
120.20
118.80
119.50
119.20
118.70
122.00
119.10
119.60
123.80
123.70
119.40
118.80
119.40
119.90
122.00
119.40
120.20
124.20
118.90
120.10
118.90
118.70
121.20
119.30
120.30
120.00
120.40
120.20
120.30
120.40
119.00
120.50
119.30
120.20
120.40
119.60
120.10
120.40
120.10
119.40
120.30
119.00
120.80
121.90
119.10
118.50
119.60
120.00
119.80
118.90
118.90
120.20
119.30
119.80
119.00
119.80
118.80
120.20
119.60
119.40
118.50
118.80
118.90
123.90
120.10
119.20
120.30
118.90
122.10
119.40
119.00
119.20
119.10
118.80
120.10
120.10
122.60
119.10
119.10
122.00
119.50
119.70
120.40
118.70
120.30
118.90
118.90
118.70
119.40
118.70
118.60
118.90
123.50
123.20
119.20
118.80
120.00
118.70
123.60
121.70
122.90
122.10
119.00
119.00
119.00
119.20
121.20
122.30
119.30
118.80
119.50
123.30
118.80
122.90
123.00
122.10
120.10
119.80
120.30
120.10
120.60
119.50
119.60
118.80
119.40
122.60
120.20
119.60
120.30
118.80
118.80
121.10
119.90
118.80
119.30
119.30
120.40
119.40
122.20
120.80
118.80
120.50
118.80
119.10
119.20
118.60
118.60
118.70
120.50
119.60
119.40
119.40
120.10
120.10
119.40
118.90
119.90
118.90
119.80
120.10
119.10
120.10
119.80
120.90
119.00
119.80
118.70
119.70
120.10
121.80
122.50
119.40
118.60
120.70
119.00
119.00
119.00
122.50
121.40
119.10
119.60
119.00
122.70
123.10
119.30
119.30
119.50
118.60
118.70
118.80
121.00
119.10
119.40
118.80
120.10
118.80
118.70
119.10
119.00
118.90
120.00
120.20
121.10
120.60
120.10
119.10
118.70
120.40
120.30
121.50
120.10
119.90
120.40
120.40
119.70
120.10
120.80
119.90
118.60
119.20
120.20
119.60
120.70
120.00
119.20
119.20
120.80
119.70
120.10
119.20
119.90
119.10
120.40
119.70
118.60
118.80
120.80
118.90
119.60
119.70
121.10
119.70
118.90
120.70
118.90
122.20
120.80
120.10
119.60
119.80
121.50
119.20
122.40
119.20
118.80
119.10
118.70
120.20
118.80
120.40
120.30
120.10
119.70
119.30
119.30
119.30
119.60
119.40
119.80
119.30
119.50
118.90
119.80
119.30
120.40
118.70
123.10
119.80
122.90
119.10
118.80
119.00
119.10
120.60
119.40
123.40
120.10
120.90
120.60
121.90
121.50
120.50
119.90
120.00
120.10
120.20
119.60
120.00
120.20
120.40
119.50
121.00
120.30
120.30
120.30
120.40
119.70
120.80
119.30
121.50
122.30
120.00
119.80
118.90
118.70
120.60
120.00
119.80
119.60
118.90
120.20
119.00
118.90
119.10
119.90
119.90
119.30
120.30
119.20
119.10
120.10
119.20
119.40
119.40
122.00
119.10
120.20
121.10
118.80
118.70
118.70
119.70
118.90
118.80
119.20
119.00
120.60
119.20
119.10
120.40
119.20
120.30
119.00
118.80
119.40
118.80
118.50
122.50
120.10
118.60
119.30
118.90
120.30
118.80
121.60
118.70
118.70
121.50
118.60
120.20
119.90
120.10
120.00
119.00
120.00
120.30
123.80
120.70
120.20
120.10
120.60
120.40
120.00
120.30
120.70
119.20
122.10
119.00
120.40
119.50
119.00
128.60
118.90
121.20
119.20
118.70
119.70
118.70
119.60
118.80
122.60
119.30
121.50
120.10
120.20
118.80
118.80
118.90
122.60
124.30
119.40
120.10
119.30
118.70
120.10
119.00
119.10
119.00
119.10
119.10
120.50
119.20
119.00
119.30
118.90
120.50
120.00
119.20
121.30
118.70
119.10
118.80
119.40
119.00
119.50
120.40
119.60
119.50
118.60
118.90
118.70
122.50
120.10
118.70
122.10
119.70
120.00
120.30
119.10
122.20
118.80
119.20
118.70
120.00
120.60
118.90
119.90
120.10
119.00
118.90
119.20
119.70
120.20
118.70
119.40
119.30
119.30
122.00
118.80
118.70
120.20
118.90
120.20
119.70
119.90
120.40
119.50
120.60
119.00
118.80
119.10
119.20
118.60
119.70
120.20
122.00
123.20
119.30
121.90
121.80
118.70
118.90
118.80
120.80
120.10
119.60
118.90
118.80
122.70
118.90
120.70
120.60
120.40
120.40
120.50
122.40
118.60
119.10
124.10
121.10
119.60
118.80
118.90
118.80
120.30
124.10
121.80
118.80
121.20
122.60
119.10
120.00
126.00
118.80
118.80
118.70
120.20
119.00
123.50
120.30
119.40
119.50
121.70
119.40
119.40
120.50
118.90
120.50
119.40
119.20
120.30
119.20
118.80
122.80
119.50
119.70
120.00
123.00
119.20
119.70
120.20
118.60
118.50
119.20
120.00
119.80
120.60
119.10
118.90
120.20
118.60
120.70
119.10
127.60
119.60
118.80
118.90
119.50
120.20
119.00
123.50
120.80
120.80
119.00
121.20
118.60
119.00
120.20
118.90
119.70
119.30
119.10
120.90
119.50
119.30
118.80
118.90
118.90
119.30
119.20
118.10
120.80
120.40
119.90
120.10
119.90
120.10
120.60
120.20
120.70
120.70
120.10
119.40
120.40
127.60
119.00
118.90
121.10
118.70
119.60
120.80
119.60
120.30
119.40
120.50
120.10
121.10
120.20
122.60
123.50
119.90
120.40
120.10
118.80
120.50
122.30
120.30
118.80
121.10
119.00
120.10
119.70
119.80
122.60
119.00
120.20
119.70
119.00
118.90
120.40
119.00
119.30
119.00
119.90
120.40
128.20
120.00
120.60
121.60
118.70
118.50
118.90
119.90
118.50
118.80
119.70
120.40
119.50
118.90
119.40
120.30
119.00
118.60
118.70
119.20
118.70
120.10
119.30
119.30
119.20
119.30
120.10
123.10
118.80
118.80
118.80
120.10
120.00
119.20
119.10
119.80
120.10
124.00
119.90
120.70
119.40
126.30
118.60
121.90
118.90
122.00
122.10
122.40
122.40
120.10
119.40
118.90
119.50
120.40
119.80
120.00
119.00
119.30
119.80
120.50
119.80
120.30
121.80
120.30
119.90
120.00
120.20
119.00
119.00
120.20
123.00
119.90
118.80
118.90
120.70
119.20
119.60
121.00
120.50
119.70
120.70
119.40
122.50
118.90
121.20
120.40
121.10
120.90
119.50
119.60
120.20
120.40
120.60
120.60
118.90
120.30
120.20
122.70
119.80
120.30
119.00
119.80
119.80
119.20
120.50
119.70
120.60
120.00
120.20
119.60
119.90
118.70
118.70
118.80
119.00
120.60
122.80
119.30
118.90
119.00
119.00
121.70
122.70
120.10
121.00
123.20
119.40
120.20
118.80
123.60
118.50
119.20
119.70
120.60
118.80
120.60
120.10
119.10
118.90
119.10
123.00
123.10
120.20
120.30
119.50
118.80
118.80
120.30
119.00
119.20
119.50
121.40
119.00
120.00
118.90
119.00
118.90
119.20
123.00
118.70
119.40
118.90
118.70
120.10
118.90
119.10
119.30
119.60
120.50
122.40
119.50
119.50
119.30
118.70
120.30
119.70
118.80
119.20
119.30
119.40
118.70
119.00
119.50
120.80
121.60
119.20
118.70
119.70
120.40
122.60
123.70
119.80
119.00
119.00
122.80
119.30
118.80
122.50
120.70
119.60
120.10
119.00
119.10
118.90
120.20
119.10
119.20
119.00
122.10
119.40
118.90
120.30
118.90
119.60
119.50
119.00
120.20
118.90
120.10
121.50
119.00
118.90
118.80
119.80
119.10
118.90
120.30
123.40
119.90
120.10
118.90
120.60
120.60
119.10
119.90
122.70
122.30
119.10
119.00
119.50
119.10
119.50
120.80
119.00
119.00
121.80
120.20
120.10
119.00
120.50
119.40
121.30
119.50
119.00
119.40
119.90
123.20
118.80
122.10
118.70
119.30
118.90
119.50
119.10
122.70
119.60
119.90
120.20
119.70
120.20
119.10
123.40
119.10
120.10
119.80
119.20
119.30
119.20
120.40
119.10
119.80
119.10
119.10
120.30
119.10
118.90
119.00
122.20
122.50
121.00
119.30
119.00
119.00
119.40
118.50
120.60
122.80
119.90
118.70
122.00
120.30
119.50
118.80
118.60
119.40
118.80
123.00
118.90
118.70
118.90
123.40
120.30
121.90
118.80
119.30
120.20
119.60
121.20
118.80
118.70
123.80
118.70
118.80
119.60
120.40
120.30
119.20
118.70
129.30
118.70
118.80
120.10
120.20
119.10
118.80
120.30
119.60
119.00
120.20
119.00
120.50
119.50
120.30
119.20
119.90
119.10
120.30
119.40
119.10
119.00
123.40
120.20
120.70
118.70
120.30
120.60
120.20
119.30
118.90
119.50
118.90
119.10
121.00
119.80
118.90
118.90
118.80
120.40
119.50
129.70
119.20
119.00
118.90
119.20
118.80
119.00
118.60
119.70
119.30
119.90
119.40
121.00
120.30
119.00
120.40
119.10
124.50
119.40
119.10
119.40
119.00
119.00
119.00
119.80
119.90
120.50
120.90
119.50
121.40
121.00
118.90
119.00
118.80
118.90
119.90
119.30
119.50
119.00
122.40
119.60
128.60
122.50
120.00
120.60
123.70
123.10
119.50
119.00
119.10
120.30
119.60
119.00
121.10
122.60
123.00
118.80
119.90
119.20
119.80
120.30
120.40
119.10
121.90
119.30
119.30
119.50
120.20
119.10
118.90
118.80
120.10
120.00
119.90
119.00
118.80
119.10
121.80
122.90
119.80
121.80
119.60
120.10
122.40
117.80
120.80
118.80
119.10
118.80
118.80
119.40
121.40
119.80
119.20
119.40
119.00
122.50
118.70
119.40
120.40
119.40
119.40
118.80
122.80
119.60
119.10
118.80
118.90
119.40
120.10
119.80
118.80
119.40
120.50
119.90
118.70
118.90
120.00
119.90
122.40
119.30
118.90
119.30
119.10
120.30
118.80
119.20
120.10
116.80
119.10
119.50
119.10
119.80
120.80
121.10
120.30
119.70
121.10
118.70
119.60
119.20
120.90
119.70
119.50
119.20
121.30
118.50
118.80
119.00
119.00
119.10
120.00
120.60
119.00
119.10
121.10
119.20
121.60
118.90
119.20
123.80
120.10
119.20
119.40
118.70
119.30
120.50
119.60
119.60
118.80
121.00
120.40
123.40
118.80
121.00
119.30
120.20
118.60
122.40
119.20
119.40
120.00
121.00
120.40
118.80
122.10
119.10
119.70
118.70
120.30
118.80
119.10
118.70
121.70
119.00
119.70
119.20
118.80
118.90
119.60
120.00
120.20
122.10
123.70
120.00
118.80
119.20
119.30
123.40
120.20
119.00
122.30
119.40
118.90
119.40
119.40
120.10
123.00
121.20
120.90
119.50
119.50
119.00
119.60
119.20
120.90
119.20
119.30
118.90
120.40
119.40
119.10
119.20
119.50
119.60
119.40
124.50
118.80
119.00
119.90
120.70
118.90
118.80
119.90
114.60
122.40
118.40
121.40
120.70
120.90
120.20
120.70
120.50
120.80
120.40
121.00
119.50
118.90
118.60
118.80
121.40
120.60
119.60
118.70
120.90
119.20
119.70
120.40
119.50
118.90
118.50
118.60
119.70
119.10
118.80
121.60
120.10
118.80
120.80
119.30
121.10
117.20
122.90
119.10
119.00
119.10
120.20
120.50
123.00
119.90
118.90
119.20
120.20
118.60
118.90
122.30
119.60
121.10
120.20
119.50
119.00
118.80
120.10
118.70
122.20
120.10
120.60
119.80
119.30
121.40
119.30
119.00
119.50
120.50
120.00
119.20
119.30
119.00
120.20
120.50
121.70
119.50
119.10
120.10
120.70
123.90
119.30
119.70
123.00
119.30
119.20
118.90
119.60
119.00
120.20
119.50
119.20
121.40
119.40
119.10
118.90
119.10
119.10
119.40
120.10
120.90
119.40
118.90
119.70
118.70
119.30
120.10
119.10
120.30
119.10
121.70
119.20
121.20
119.60
119.20
120.30
119.70
119.30
119.00
118.70
119.00
119.00
119.20
121.60
122.30
124.20
120.30
119.70
119.30
122.00
118.70
120.20
119.20
119.40
120.30
118.70
120.40
118.80
120.50
120.30
118.60
119.70
120.60
119.40
120.10
119.20
119.60
118.60
121.00
119.20
119.90
120.40
118.70
118.60
120.00
119.10
121.80
120.30
119.70
120.40
119.70
119.10
120.70
118.70
118.80
124.00
118.80
120.50
118.90
118.80
119.00
119.20
119.70
118.90
119.00
120.20
119.00
120.60
120.40
118.80
119.30
119.60
122.20
122.70
119.50
119.90
119.10
120.20
119.80
119.30
119.50
121.70
122.50
119.10
119.00
118.70
118.60
119.20
119.10
119.10
119.60
119.40
119.50
118.80
119.20
120.20
119.30
119.40
119.10
121.80
119.70
118.90
118.50
119.10
119.00
121.10
118.90
119.50
119.40
119.00
119.60
120.50
119.10
119.10
119.10
120.80
119.10
119.20
119.70
119.90
122.80
119.00
121.00
118.90
119.10
119.30
120.10
118.80
118.80
118.70
119.50
119.40
119.60
119.70
121.00
118.50
120.00
118.70
119.20
119.10
119.40
120.00
119.20
119.10
119.60
119.90
119.00
120.40
120.10
120.10
119.00
123.10
121.00
123.10
119.50
118.90
123.60
120.20
118.80
121.60
122.50
120.00
119.00
121.40
120.30
119.00
118.60
118.60
122.60
119.80
119.00
119.20
118.80
119.60
119.00
119.80
119.10
119.20
121.80
118.70
119.30
121.10
119.90
118.90
120.00
120.00
118.90
120.20
122.70
119.20
119.80
119.50
119.80
119.90
120.50
120.10
122.90
120.90
120.10
120.40
123.40
120.30
120.60
120.30
119.50
119.90
121.30
123.40
118.90
119.10
120.20
119.00
119.20
119.10
119.20
122.60
119.40
119.00
118.80
119.00
121.30
119.70
119.30
118.70
119.60
120.20
119.90
119.00
118.90
118.90
119.20
120.10
118.90
119.00
119.00
119.50
120.70
119.20
120.20
122.50
121.70
120.00
118.60
119.20
120.10
119.70
119.10
121.70
122.40
118.80
119.10
120.20
119.20
119.50
119.10
119.10
118.90
120.70
122.60
120.00
119.10
118.90
120.80
119.30
119.90
121.00
118.90
119.60
120.10
119.40
119.10
118.90
119.40
121.30
118.70
118.50
119.10
119.10
121.00
118.90
119.50
118.80
119.30
120.50
120.10
119.00
120.00
119.90
120.10
119.50
120.40
118.90
119.00
119.10
120.40
119.60
119.40
118.90
119.00
120.80
119.50
118.90
119.40
119.10
121.00
120.30
120.70
119.10
119.00
120.60
119.60
122.10
119.00
119.80
120.00
120.10
119.20
118.90
119.80
119.50
121.50
119.10
118.90
118.80
118.70
119.40
119.20
114.90
119.50
119.60
119.10
122.10
120.60
119.90
121.90
119.40
119.50
118.90
119.00
122.30
122.30
120.10
118.80
120.60
119.30
122.60
120.40
122.60
122.10
122.30
119.70
122.50
119.20
119.00
118.80
119.80
120.20
119.90
119.20
120.40
120.90
120.40
123.80
122.50
118.90
118.70
118.80
120.10
120.00
121.30
119.10
119.00
120.00
119.00
120.60
119.00
119.20
118.90
120.00
120.80
119.60
120.40
119.00
120.30
118.70
119.90
119.40
119.60
120.30
121.00
119.20
119.70
119.60
120.60
120.00
118.80
120.50
118.70
121.00
119.20
121.30
119.80
119.50
120.20
119.00
120.40
119.60
119.00
119.60
120.90
119.20
119.30
122.40
120.70
118.80
120.10
120.40
119.50
121.80
120.60
119.20
118.90
118.70
120.80
118.90
120.50
121.70
122.30
119.50
118.90
119.90
120.10
119.80
118.90
118.90
119.70
120.00
119.00
118.80
118.90
119.30
120.30
120.30
120.40
121.60
120.90
119.40
119.70
118.80
122.70
122.60
120.30
119.00
119.10
119.20
120.20
119.60
119.80
123.10
119.60
121.60
118.90
119.30
119.30
119.70
120.00
122.30
119.10
118.90
120.20
118.80
119.40
119.20
119.40
119.10
118.90
122.10
121.90
121.60
120.90
118.90
119.40
120.00
121.00
122.10
118.90
119.10
122.30
119.50
119.30
119.40
119.30
119.80
118.80
124.40
120.40
118.60
119.10
119.10
120.40
120.30
119.90
118.90
119.10
121.00
118.90
118.70
118.70
119.40
120.00
120.00
119.40
120.50
119.30
120.50
119.40
119.40
121.30
119.10
121.50
120.50
119.40
118.60
119.00
119.10
120.80
118.80
121.30
119.30
121.00
120.60
118.90
119.60
118.80
120.00
120.20
118.90
119.10
118.90
118.80
119.30
119.30
119.60
122.20
122.60
120.70
120.20
120.30
119.50
119.40
118.80
120.40
120.00
122.50
120.60
118.70
120.00
118.90
118.90
118.90
119.50
120.10
118.60
118.60
119.30
119.00
120.40
119.00
118.70
120.00
119.00
121.60
119.10
119.70
119.00
119.10
119.10
118.80
120.60
120.40
121.80
119.10
118.80
121.10
120.00
117.90
118.90
118.60
119.50
115.40
119.00
120.70
134.00
134.00
133.70
133.10
132.30
132.10
134.10
132.20
132.10
132.30
133.00
132.90
122.40
123.20
119.10
121.20
120.20
120.30
118.80
119.20
120.30
122.60
120.00
122.10
119.90
119.90
119.50
120.20
118.90
121.70
119.00
119.30
123.70
123.70
120.00
122.00
123.60
120.30
119.00
118.20
121.00
121.60
119.10
119.30
119.60
118.90
118.90
118.80
119.90
121.30
119.20
119.00
119.20
119.30
119.40
119.00
118.90
118.70
120.10
119.30
122.20
119.90
118.80
119.50
119.40
119.30
120.60
119.40
119.00
123.70
119.30
118.80
119.00
119.20
118.80
120.70
119.30
126.60
118.80
118.90
120.00
119.00
119.20
120.50
122.50
119.30
122.60
119.40
119.80
119.50
120.20
118.70
120.10
120.20
122.50
119.50
121.30
120.20
122.80
122.30
119.50
120.10
119.80
120.60
122.40
119.30
120.60
119.40
119.50
118.70
120.00
119.00
118.80
119.30
120.30
119.20
119.20
122.00
123.20
119.90
122.00
121.60
118.90
119.70
119.10
122.10
119.00
120.40
120.20
119.10
119.70
120.20
118.70
119.10
119.70
118.80
120.80
119.70
119.30
118.90
118.90
119.80
122.20
120.20
122.00
119.70
120.40
119.90
118.90
119.50
119.30
120.10
119.60
119.40
119.60
119.00
119.50
118.70
119.30
121.30
119.20
119.90
119.20
119.50
118.70
119.20
118.70
118.80
118.90
118.90
120.70
119.80
121.80
118.80
120.20
119.20
119.30
120.10
120.50
121.70
120.10
123.10
120.50
118.70
120.10
120.30
120.20
120.70
120.20
120.70
120.70
119.10
119.70
119.10
119.10
120.50
119.20
119.00
122.00
119.70
122.80
122.90
125.40
124.80
125.60
122.70
120.30
118.90
120.70
119.40
121.90
119.80
120.80
121.00
120.20
119.00
122.00
119.80
121.90
120.70
120.20
119.10
118.80
119.10
119.80
124.60
120.30
119.20
119.20
118.80
119.00
120.40
119.90
121.30
118.80
123.60
121.80
124.00
122.00
125.30
125.40
124.20
118.80
120.90
120.50
120.40
119.20
119.90
119.30
120.90
122.00
125.10
119.20
119.30
120.30
125.30
121.40
125.30
123.90
120.50
120.60
122.60
125.00
121.80
122.50
125.50
123.30
120.80
120.90
118.80
120.00
122.30
120.20
121.60
119.60
118.80
119.30
121.70
120.70
119.30
119.10
119.10
119.00
122.60
122.10
120.30
120.10
122.00
119.30
120.70
119.60
118.60
118.80
119.40
120.20
122.00
119.20
120.50
119.40
120.40
120.10
119.20
119.20
119.20
119.40
118.70
121.40
119.50
119.10
120.10
120.40
118.90
119.10
119.50
119.40
120.20
122.60
119.20
122.20
119.70
120.50
119.00
118.90
119.10
118.80
119.30
119.40
120.50
119.00
119.30
119.20
119.80
120.50
119.30
118.90
120.10
120.20
118.70
119.80
118.90
118.90
120.30
119.00
122.00
119.40
119.50
121.90
120.20
118.60
118.60
120.00
119.10
121.10
119.50
118.70
119.20
118.90
120.00
119.30
118.90
120.10
120.40
121.30
120.10
124.10
119.10
119.20
120.80
119.10
120.90
119.70
118.80
122.20
120.60
122.10
119.90
122.10
119.60
120.40
120.00
119.90
120.50
118.70
120.00
122.50
118.80
120.20
118.70
118.80
120.70
119.10
119.10
120.30
119.00
120.40
119.40
119.10
119.00
123.20
119.30
119.00
119.90
120.30
119.30
120.20
128.00
121.00
118.70
120.60
120.30
119.30
120.30
120.20
120.90
118.60
120.70
119.40
119.60
119.40
119.00
119.40
120.80
120.20
119.20
119.60
121.90
118.90
121.90
119.00
121.30
118.80
120.50
120.90
118.90
118.70
119.20
120.70
118.60
118.90
121.30
119.50
121.80
119.90
123.00
120.70
119.10
129.50
118.60
122.60
120.90
123.30
118.90
122.90
122.40
119.00
119.00
120.80
120.80
119.90
119.00
118.80
118.80
121.00
118.70
120.80
118.70
119.10
120.90
119.10
119.60
121.20
119.70
119.40
120.70
120.00
119.10
119.20
123.50
121.60
119.60
120.20
123.30
119.20
121.80
118.70
119.40
118.80
129.60
120.70
121.30
118.90
118.80
119.00
119.90
118.70
121.30
119.40
119.50
119.00
119.70
120.80
118.90
120.10
118.60
120.00
119.40
121.20
119.20
119.60
120.80
119.00
118.80
119.10
120.10
118.70
124.50
119.10
119.60
119.80
119.30
120.70
118.70
119.10
119.10
118.90
120.40
119.60
119.80
129.40
121.70
120.70
118.70
118.70
118.90
120.50
118.70
118.80
121.10
118.70
119.20
120.90
119.60
118.80
120.70
119.40
119.00
120.30
119.00
119.50
119.40
119.30
120.10
119.30
121.40
120.30
118.90
124.20
120.70
120.60
119.40
119.10
119.50
120.30
122.40
119.60
119.30
122.10
120.10
118.80
123.40
119.00
121.10
120.40
120.90
119.30
118.60
118.70
118.80
118.90
120.50
119.30
121.20
118.70
120.60
118.50
118.80
124.30
120.20
120.70
122.30
121.10
120.00
119.40
119.70
119.80
120.80
119.30
120.20
120.50
118.90
119.90
118.80
118.90
120.10
119.00
119.10
119.20
123.70
119.30
122.80
118.90
119.40
122.10
119.40
120.90
119.50
119.40
118.90
123.20
118.70
118.80
120.50
119.00
118.90
120.90
119.50
119.50
118.70
118.70
118.80
120.30
119.10
122.00
119.40
119.20
120.60
119.80
122.30
121.90
118.80
118.90
119.90
119.30
118.70
119.30
119.70
120.80
118.90
118.80
119.80
120.70
118.60
119.40
119.40
119.90
119.30
119.70
119.50
118.70
119.40
118.70
119.20
120.80
120.20
120.80
118.90
120.20
119.20
119.30
121.00
119.30
119.80
120.20
123.00
118.80
118.90
118.90
120.30
118.80
119.40
119.10
119.60
119.50
118.70
119.00
119.10
118.80
119.70
120.10
119.80
119.80
120.60
119.60
119.50
119.80
119.70
120.70
123.60
121.20
119.60
120.00
122.30
118.90
121.40
120.00
120.50
121.90
119.50
119.60
120.10
119.10
118.90
119.80
121.70
120.20
121.60
122.00
121.30
120.20
120.10
118.90
118.90
119.10
119.10
121.90
119.80
118.80
119.10
120.20
119.10
120.40
119.40
118.70
121.00
119.10
120.20
122.00
122.80
122.10
119.60
121.90
119.20
119.30
119.40
118.90
123.20
121.80
120.20
122.70
121.80
118.70
119.60
119.40
119.30
122.60
119.80
121.90
118.70
118.80
118.70
118.80
120.90
120.40
122.10
119.10
119.30
118.70
118.80
118.80
118.90
121.80
119.30
120.10
121.30
120.70
121.90
119.30
120.60
118.80
120.90
123.60
122.10
120.50
119.80
123.50
119.10
119.00
122.00
124.10
120.50
122.60
120.10
118.90
120.40
119.30
118.80
118.70
121.10
118.70
118.60
119.30
121.60
122.60
121.50
119.90
118.70
118.80
119.50
120.50
119.20
120.20
121.60
120.80
119.70
120.60
124.10
122.40
119.20
120.60
123.40
120.00
118.70
118.70
123.00
119.30
120.10
119.20
119.40
120.20
122.60
123.20
120.70
118.80
118.70
120.10
120.50
120.10
121.10
119.10
120.10
118.80
120.00
119.20
118.80
122.60
120.00
119.40
123.70
119.50
118.70
118.70
119.10
118.80
123.10
118.80
120.20
119.40
119.40
118.70
119.00
119.00
120.30
118.90
119.30
121.60
119.00
120.70
119.60
120.20
119.20
118.80
122.70
122.00
119.60
122.40
119.00
121.10
120.00
119.40
119.80
119.30
120.30
119.60
122.60
122.10
118.70
122.10
120.40
118.90
118.80
121.80
121.90
120.60
118.90
121.40
119.10
118.70
119.80
119.80
119.70
119.50
119.80
120.50
118.70
119.30
118.70
119.00
119.10
118.90
119.50
118.80
123.70
118.70
118.70
119.70
120.60
118.80
119.00
119.40
118.90
119.00
119.60
118.70
120.50
118.90
119.60
120.40
118.80
119.60
120.30
118.90
118.80
118.80
122.40
120.20
118.70
120.20
120.20
119.30
118.70
118.70
121.80
122.50
121.80
120.20
119.90
120.00
118.70
119.20
120.00
120.30
119.50
120.60
119.20
119.40
119.80
120.20
121.80
119.30
120.10
120.20
119.80
120.50
122.60
122.40
119.30
120.60
120.90
121.10
122.50
118.90
120.30
119.20
122.10
122.00
119.20
120.30
119.50
118.70
118.80
118.70
120.40
122.10
118.90
119.20
118.70
120.20
120.30
119.10
118.80
116.40
120.30
118.70
119.20
122.50
122.10
122.30
118.90
120.40
120.10
121.80
120.60
120.40
119.90
119.40
120.60
121.80
122.10
118.90
120.50
118.90
119.20
120.30
123.10
122.50
118.70
119.00
119.20
123.30
119.40
122.30
119.70
118.90
120.20
119.60
118.70
118.80
118.70
121.10
119.40
119.50
119.70
119.30
121.00
119.70
118.80
119.50
119.30
123.00
118.70
120.70
120.40