46.60
46.70
46.70
46.70
46.80
46.70
46.70
46.60
47.00
46.60
46.70
46.70
46.70
46.70
46.70
46.70
46.70
46.60
46.70
46.60
46.70
47.30
46.70
46.70
46.70
46.70
46.60
46.70
46.60
46.80
46.70
47.20
46.60
46.60
46.60
46.60
46.60
46.70
46.60
46.70
46.70
46.70
46.60
46.70
46.60
46.70
46.70
46.60
47.20
46.70
47.20
46.60
46.60
46.60
46.70
46.60
46.70
46.70
47.00
46.60
46.70
46.70
46.60
46.70
46.70
46.70
46.70
46.70
46.70
46.70
46.70
46.70
46.70
47.00
46.70
47.20
46.70
47.20
46.70
46.70
46.70
46.70
46.80
46.70
46.70
46.70
46.70
46.60
46.70
46.70
46.70
46.70
46.70
46.70
47.10
46.70
46.70
46.70
46.70
46.70
46.70
46.70
47.10
46.60
47.30
46.70
46.70
46.80
46.70
46.70
46.60
46.60
46.50
46.70
46.70
46.70
46.60
46.60
46.60
46.60
46.70
47.30
46.70
47.20
46.70
46.70
46.70
46.60
46.60
46.70
46.70
46.70
46.70
46.70
46.70
46.60
46.70
46.60
46.70
46.70
46.70
46.60
46.70
46.60
46.70
46.60
47.20
46.70
47.20
46.70
47.20
46.70
46.60
46.60
46.70
46.70
46.70
46.70
46.70
46.70
46.70
46.60
46.70
46.70
46.70
46.80
46.70
47.20
46.70
46.70
46.70
46.70
46.70
46.70
46.70
47.30
46.70
47.20
46.60
46.60
46.80
46.70
46.70
46.60
46.60
46.70
46.60
46.70
46.70
46.70
46.70
46.70
46.70
46.70
47.10
46.70
47.10
46.70
46.70
46.70
46.70
46.70
46.60
46.60
46.60
46.70
46.60
46.70
46.70
46.70
46.70
46.70
46.60
46.70
46.70
46.70
46.80
46.70
46.60
47.10
46.70
47.30
46.70
47.20
46.70
46.70
46.60
46.70
46.70
46.70
46.70
46.70
46.70
46.70
46.60
46.70
46.70
46.70
46.70
46.70
46.80
46.70
46.70
46.70
46.70
46.60
46.70
46.70
47.20
46.70
47.30
46.60
46.70
46.70
46.60
46.60
46.70
46.70
46.70
46.70
46.70
46.60
46.70
46.70
46.70
46.70
46.70
47.20
46.60
46.70
46.70
46.70
46.70
46.70
46.70
46.70
46.70
46.60
46.70
46.60
46.70
46.70
46.70
46.70
46.70
46.70
46.60
46.70
46.60
46.70
46.70
46.70
47.20
46.60
47.20
46.60
47.30
46.70
46.60
46.70
46.70
46.70
46.70
46.70
46.60
46.70
46.70
46.70
46.70
46.70
46.70
46.70
46.70
46.70
46.70
46.80
46.70
46.70
46.70
46.70
46.70
47.30
46.70
47.20
46.80
46.70
46.70
46.70
46.70
46.70
46.70
46.70
46.70
46.70
46.70
46.70
46.70
46.70
46.70
46.70
47.20
46.70
46.70
46.70
46.70
46.70
46.70
46.70
46.60
46.70
46.70
46.70
46.60
46.60
46.70
46.70
46.60
46.70
46.70
46.70
46.70
46.70
46.60
46.70
46.70
47.20
46.70
47.30
46.70
47.10
46.60
46.70
46.70
46.70
46.70
46.70
46.60
46.70
46.70
46.70
46.70
46.70
46.70
46.70
46.70
46.70
46.70
46.70
46.70
46.70
46.70
46.70
46.70
46.70
47.10
46.70
47.30
46.70
46.80
46.70
46.70
46.70
46.80
46.60
46.70
46.70
46.70
46.70
46.70
46.70
46.70
46.60
46.70
47.30
46.70
46.70
46.60
46.70
46.70
46.60
46.70
46.70
46.60
46.70
46.70
46.70
46.60
46.60
46.70
46.70
46.60
46.70
46.70
46.70
46.60
46.70
46.70
46.60
47.20
46.70
47.20
46.70
47.30
46.60
46.70
46.70
46.70
46.70
46.70
46.70
46.70
46.60
46.70
46.70
46.70
46.70
46.70
46.70
46.70
46.70
46.70
46.60
46.70
46.70
46.70
46.80
46.70
47.30
46.70
47.10
46.70
46.60
59.00
59.10
57.60
59.10
58.80
58.90
58.90
59.60
59.00
59.80
59.00
58.90
59.10
59.00
60.20
59.10
58.90
59.00
59.00
58.60
59.10
58.80
59.10
59.10
58.80
59.00
59.10
59.00
58.90
58.80
59.00
58.90
59.00
60.00
59.90
60.10
60.10
61.10
61.00
61.10
61.10
61.00
61.10
61.10
61.00
61.00
61.00
61.00
61.10
61.20
61.20
61.20
61.10
61.10
61.30
61.20
61.30
61.40
61.30
61.40
56.00
55.80
55.80
55.80
56.30
29.80
29.90
28.90
28.50
30.10
29.90
29.30
29.80
29.90
30.00
29.90
29.40
28.50
46.10
46.40
46.60
46.20
46.40
46.40
46.80
46.20
46.50
46.40
46.50
46.30
48.00
48.10
48.10
48.00
48.30
48.10
47.90
47.50
48.20
48.00
47.40
47.70
48.20
48.20
47.60
48.00
47.90
47.60
48.20
50.30
50.30
50.30
50.40
50.20
51.30
50.90
50.50
48.50
48.10
50.70
50.80
50.50
50.20
51.40
51.30
50.90
51.50
52.20
53.50
52.70
51.80
51.40
51.40
51.60
52.10
53.10
53.50
53.00
52.00
51.40
51.40
50.90
48.50
49.10
53.00
52.70
48.60
47.70
46.10
46.40
46.40
46.80
47.00
53.00
52.70
53.40
53.80
68.70
68.70
68.90
69.20
68.50
68.60
68.80
68.70
68.90
68.50
68.30
68.80
69.10
69.00
68.40
68.80
68.70
68.30
68.90
68.70
68.80
68.90
68.60
69.00
68.50
68.50
68.80
69.00
69.30
68.80
68.90
68.50
68.50
67.90
68.90
69.10
68.80
57.90
58.70
59.20
59.20
59.40
59.20
60.70
60.60
61.10
60.70
60.60
60.50
60.40
60.50
60.50
60.60
60.70
67.50
67.50
67.50
67.40
60.40
58.30
58.30
58.60
59.60
58.70
59.50
58.40
58.50
58.60
58.60
58.30
58.70
58.40
58.50
58.70
58.50
58.40
58.30
58.50
58.70
58.20
58.60
58.40
58.50
58.40
58.30
58.40
58.60
59.10
58.80
58.70
58.90
61.10
60.00
60.10
59.80
57.50
51.50
51.30
51.20
51.30
51.30
51.30
51.40
51.50
52.60
52.50
52.40
52.30
52.70
49.60
49.80
49.60
53.50
53.60
54.80
49.80
53.80
53.40
61.40
54.00
54.40
53.60
54.40
60.00
60.00
56.10
59.40
58.90
59.00
64.30
53.20
53.10
153.90
150.90
153.10
150.70
153.30
151.10
151.70
151.00
150.90
151.10
150.90
153.20
150.80
153.80
151.00
153.40
150.80
153.30
151.30
150.80
152.10
151.00
153.40
151.00
153.10
151.10
152.60
151.80
152.00
152.40
55.20
54.50
61.00
45.80
46.90
46.80
46.70
46.90
46.90
46.80
46.80
46.70
47.20
46.80
47.40
46.80
47.40
46.90
46.80
46.80
46.70
46.80
46.80
46.80
46.90
46.90
46.80
46.80
46.70
46.80
46.70
46.80
46.90
47.00
46.90
46.80
46.80
46.80
46.80
46.80
46.80
47.50
46.90
46.90
46.80
46.80
46.80
46.70
46.80
46.90
46.90
46.80
46.80
46.80
46.80
46.80
46.80
46.80
47.50
46.90
47.40
46.80
46.80
46.80
46.80
46.90
46.90
46.90
46.80
46.80
46.80
46.70
46.80
46.80
46.90
46.90
46.90
46.80
46.70
46.70
46.80
46.80
46.80
46.90
46.90
47.40
46.70
47.20
46.80
46.80
46.90
46.90
46.90
46.70
46.80
46.80
46.70
46.70
46.80
46.90
46.90
46.80
46.80
46.80
47.20
46.80
46.80
46.80
47.00
46.80
46.80
46.70
46.70
46.80
47.30
46.80
46.90
46.90
46.80
46.70
46.70
46.70
46.70
46.80
46.90
46.90
46.80
46.70
46.70
46.70
46.70
47.40
46.80
47.30
46.90
46.80
46.70
46.70
46.70
46.70
46.80
46.80
46.90
46.80
46.70
46.80
46.70
46.70
46.80
46.80
46.90
46.80
46.80
46.70
46.70
46.70
47.10
46.90
47.40
46.90
47.40
46.80
46.80
46.70
46.70
46.80
46.90
46.90
46.90
46.80
46.70
46.80
46.70
46.80
46.90
46.90
46.90
47.40
46.70
46.70
46.70
46.80
46.80
46.90
46.90
47.30
46.70
47.20
46.70
46.70
46.80
46.90
46.90
46.80
46.70
46.80
46.80
46.80
46.80
46.90
46.90
46.80
46.80
46.70
47.20
46.80
47.40
46.80
46.90
46.80
46.80
46.70
46.80
46.70
46.70
46.80
46.90
46.90
46.70
46.80
46.70
46.80
46.70
46.80
46.90
46.90
46.90
46.70
46.70
47.10
46.70
47.40
46.80
47.40
46.90
46.80
46.80
46.70
46.70
46.70
46.80
46.90
46.90
46.80
46.70
46.70
46.70
46.80
46.70
46.90
47.40
46.90
46.80
46.70
46.70
46.70
46.80
46.80
47.40
46.90
47.40
46.80
46.70
46.80
46.80
46.70
46.90
46.90
46.80
46.70
46.80
46.70
46.70
46.80
46.90
47.40
46.80
47.40
46.70
47.10
46.70
46.70
46.90
46.90
46.90
46.80
46.70
46.70
46.70
46.80
46.80
46.90
46.90
46.80
46.70
46.70
46.70
46.70
46.70
46.80
46.80
46.80
47.20
46.70
47.10
46.70
47.30
46.80
46.90
46.90
46.80
46.70
46.70
46.70
46.70
46.80
46.80
46.80
46.90
46.70
46.70
46.80
46.70
46.80
46.80
46.90
46.80
46.70
46.80
46.70
46.80
47.30
46.90
47.30
46.90
46.80
46.70
46.70
46.70
46.80
46.80
46.80
46.90
46.70
46.70
46.70
46.70
46.80
47.30
46.80
47.40
46.90
46.80
46.70
46.70
46.70
46.70
46.80
46.90
46.80
46.90
46.70
46.70
46.70
46.80
46.70
46.80
46.90
46.80
46.70
46.70
46.70
46.70
46.80
46.80
47.30
46.80
47.30
46.70
47.10
46.80
46.70
46.80
46.90
46.90
46.70
46.70
46.70
46.70
46.80
46.70
46.80
46.90
46.80
46.80
46.70
46.70
46.70
46.80
46.90
46.80
46.80
46.70
46.70
47.20
46.70
47.30
46.80
46.90
46.90
46.70
46.70
46.80
46.70
46.70
46.80
46.90
47.00
46.80
46.80
46.70
47.20
46.70
47.30
46.80
46.90
46.80
46.80
46.80
46.70
46.80
46.80
46.80
46.80
46.90
46.80
46.70
46.70
46.70
46.70
46.80
46.90
46.90
46.80
46.70
46.70
46.70
46.70
47.30
46.80
47.30
46.80
47.30
46.80
46.70
46.70
46.80
46.80
46.90
46.90
46.80
46.70
46.70
46.70
46.70
46.80
46.80
47.40
46.80
46.70
46.70
46.70
46.80
46.70
46.80
46.90
46.90
47.30
46.70
46.70
46.80
46.70
46.80
47.00
46.90
46.80
46.80
46.70
46.70
46.80
46.70
46.90
46.90
46.90
47.30
46.70
47.20
46.70
46.70
46.70
46.80
46.80
46.70
46.70
46.70
46.70
46.70
46.80
46.90
46.80
46.80
46.70
46.70
46.70
46.70
46.70
46.90
46.90
46.80
46.70
46.70
47.20
46.70
47.30
46.80
47.40
46.90
46.70
46.70
46.70
46.70
46.70
46.70
46.90
46.80
46.80
46.70
46.70
46.70
46.70
47.30
46.80
46.90
46.80
46.70
46.70
46.70
46.70
47.00
46.80
47.30
46.80
46.80
46.70
46.70
46.70
46.70
46.80
46.80
46.80
46.70
46.80
46.70
46.70
46.70
46.70
46.90
47.30
46.80
47.30
46.70
46.70
46.70
46.80
46.80
46.90
46.90
47.20
46.70
46.70
46.70
46.80
46.80
46.90
46.90
46.80
46.70
46.70
46.70
46.80
46.80
46.80
46.80
46.80
47.30
46.70
47.20
46.70
46.70
46.80
46.90
46.90
46.70
46.70
46.70
46.70
46.70
46.80
46.90
46.90
46.70
46.70
46.70
47.20
46.70
46.70
46.80
46.80
46.80
46.80
46.70
47.20
46.70
47.30
46.80
46.90
46.90
46.80
46.70
46.70
46.70
46.70
46.80
46.80
46.90
46.80
46.80
46.60
46.70
46.70
47.30
46.90
47.30
46.80
46.70
46.70
46.80
46.70
46.70
46.80
47.30
46.80
46.80
46.70
46.70
46.70
46.80
46.80
46.90
46.90
46.80
46.70
46.70
46.70
46.70
47.30
46.80
47.40
46.80
47.30
46.70
46.70
46.70
46.70
46.70
46.80
46.90
46.70
46.70
46.70
46.70
46.70
46.80
46.90
46.80
46.70
47.20
46.70
46.70
46.70
46.80
46.80
46.90
46.80
47.30
46.70
47.20
46.60
46.70
46.90
46.90
46.90
46.70
46.70
46.70
46.70
46.70
46.80
46.90
46.90
46.80
46.70
46.70
47.10
46.70
47.10
46.90
46.90
46.90
46.70
46.70
46.70
46.70
46.70
46.80
46.90
46.80
46.80
46.70
46.70
46.70
46.70
46.70
46.90
46.90
46.90
46.70
46.70
47.20
46.70
47.30
46.80
47.40
46.90
46.70
46.70
46.70
46.70
46.70
46.80
46.90
46.90
46.70
46.70
46.70
46.70
46.70
46.80
46.80
46.90
46.80
46.70
46.70
46.70
46.70
46.70
46.80
47.20
46.70
47.30
46.70
46.80
46.60
46.70
46.70
46.70
46.80
46.70
46.70
46.70
46.70
46.70
46.70
46.70
46.70
46.70
47.30
46.70
46.70
46.70
46.70
46.70
46.80
46.80
46.70
46.70
46.70
46.70
46.70
46.70
46.70
46.80
46.70
46.70
46.70
46.80
46.70
46.80
46.70
46.80
46.70
47.30
46.70
47.20
46.70
47.30
46.70
46.80
46.70
46.80
46.70
46.70
46.70
46.70
46.70
46.80
46.80
46.80
46.70
46.70
46.60
46.70
46.80
46.70
46.80
46.70
46.70
46.70
46.70
46.70
47.30
46.80
47.20
46.70
46.70
46.70
46.70
46.70
46.70
46.70
46.80
46.70
46.80
46.70
46.70
46.70
46.70
47.30
46.70
47.20
46.80
46.80
46.70
46.70
46.70
46.70
46.70
46.70
46.70
46.70
46.70
46.70
46.70
46.70
46.70
46.80
46.70
46.70
46.70
46.70
46.70
46.80
46.70
46.70
47.20
46.70
47.30
46.70
47.20
46.70
46.70
46.80
46.80
46.70
46.70
46.70
46.70
46.70
46.70
46.70
46.70
46.80
46.70
46.70
46.70
46.70
46.70
46.70
46.80
46.80
46.80
46.70
46.70
47.20
46.70
47.40
46.70
46.70
46.70
46.70
46.70
46.70
46.70
46.70
46.70
46.70
46.80
46.70
46.70
46.70
47.20
46.70
47.30
46.70
46.80
46.70
46.70
46.70
46.70
46.70
46.70
46.70
46.70
46.70
46.70
46.60
46.70
46.70
46.70
46.70
46.80
46.70
46.70
46.70
46.70
46.80
46.70
47.30
46.80
47.20
46.80
47.30
46.80
46.70
46.70
46.80
46.70
46.80
46.80
46.70
46.70
46.70
46.70
46.70
46.70
46.70
46.70
46.70
46.70
46.70
46.60
46.70
46.70
46.70
46.70
46.70
47.30
46.70
47.20
46.70
46.70
46.80
46.70
46.70
46.70
46.70
46.70
46.70
46.70
46.70
46.80
46.80
46.70
47.30
46.70
47.10
46.70
46.70
46.70
46.80
46.70
46.70
46.70
46.70
46.70
46.80
46.70
46.70
46.80
46.70
46.70
46.70
46.70
46.80
46.70
46.80
46.70
46.70
46.70
46.70
47.20
46.70
47.30
46.80
47.20
46.70
46.80
46.70
46.70
46.70
46.70
46.70
46.80
46.70
46.80
46.70
46.80
46.70
46.70
46.70
46.70
46.80
46.80
46.70
46.70
46.70
46.70
47.10
46.70
47.20
46.70
47.30
46.80
46.80
46.70
46.70
46.70
46.70
46.70
46.70
46.70
46.70
46.70
46.70
46.70
46.70
47.20
46.70
47.30
46.70
46.70
46.70
46.70
46.70
46.70
46.70
47.20
46.70
46.70
46.70
46.70
46.70
46.70
46.70
46.70
46.70
46.70
46.60
46.70
46.70
46.70
46.70
46.70
47.30
46.70
47.20
46.70
47.30
46.80
46.70
46.70
46.70
46.80
46.80
46.70
46.80
46.80
46.80
46.80
46.70
46.70
46.80
46.70
46.80
46.80
46.70
46.80
46.80
46.70
46.70
47.10
46.70
47.30
46.80
47.20
46.70
46.70
46.70
46.70
46.70
46.70
46.80
46.70
46.80
46.80
46.80
46.70
46.70
46.70
47.30
46.70
47.20
46.80
46.70
46.70
46.70
46.70
46.70
46.70
47.20
46.70
46.70
46.70
46.70
46.70
46.70
46.70
46.80
46.70
46.70
46.70
46.70
46.70
46.80
46.70
46.80
47.20
46.70
47.30
46.80
47.20
46.70
46.80
46.70
46.70
46.70
46.80
46.70
46.70
46.70
46.70
46.70
46.70
46.70
46.70
46.80
46.70
46.70
46.70
46.80
46.70
46.80
46.80
47.30
46.80
47.20
46.70
47.30
46.70
46.70
46.70
46.70
46.70
46.70
46.80
46.80
46.80
46.80
46.80
46.80
46.80
46.70
47.20
46.80
47.00
46.80
46.80
46.70
46.70
46.70
46.70
46.70
47.30
46.70
46.70
46.70
46.70
46.70
46.70
46.70
46.70
46.70
46.70
46.70
46.70
46.70
46.70
46.70
46.80
47.30
46.70
47.20
46.70
46.80
46.70
46.70
46.70
46.70
46.70
46.70
46.80
46.70
46.70
46.70
46.70
46.70
46.70
46.80
46.70
46.70
46.70
46.70
46.70
46.70
46.70
46.80
47.20
46.70
47.30
46.70
46.70
46.70
46.70
46.70
46.80
46.80
46.80
46.70
46.70
46.70
46.80
46.70
46.70
46.70
46.80
47.30
46.80
46.70
46.70
46.70
46.70
46.70
46.70
46.70
46.70
47.20
46.70
46.80
46.70
46.70
46.70
46.70
46.70
46.70
46.70
46.80
46.80
46.70
46.70
46.70
46.70
46.60
47.20
46.70
47.30
46.70
46.70
46.70
46.60
46.70
46.70
46.80
46.70
46.70
46.70
46.70
46.70
46.70
46.70
46.70
46.70
46.80
46.70
46.70
46.70
46.80
46.70
46.70
46.70
47.30
46.70
47.20
46.70
46.70
46.80
46.70
46.70
46.70
46.80
46.70
46.70
46.80
46.80
46.70
46.70
46.70
46.70
46.70
47.20
46.70
46.70
46.70
46.80
46.70
46.80
46.70
46.80
46.70
47.30
46.70
46.70
46.70
46.70
46.70
46.70
46.70
46.70
46.70
46.70
46.70
46.70
46.70
46.70
46.70
46.70
47.30
46.70
47.20
46.70
46.70
46.80
46.80
46.70
46.70
46.70
46.60
46.70
46.70
46.70
46.80
46.70
46.70
46.70
46.70
46.70
46.70
46.80
46.80
46.80
46.70
46.70
46.70
47.20
46.70
47.30
46.80
46.80
46.80
46.70
46.70
46.70
46.70
46.80
46.70
46.70
46.70
46.70
46.80
46.80
46.70
46.70
47.40
46.80
46.80
46.70
46.70
46.80
46.80
46.80
46.70
46.80
47.20
46.80
46.70
46.70
46.70
46.70
46.80
46.80
46.80
46.70
46.70
46.70
46.70
46.70
46.80
46.70
46.70
47.20
